           1           2   1.6136166629224853     
           2           3   1.1928500139015976     
           2           4  0.10924943841702860     
           3           4   1.1676294334204078     
           4           5   1.0558972803068356     
           5           6   1.1055615142524156     
           6           7   1.3461426905971292     
           7           8   1.4684096910960356     
           8           9   1.4036624052196056     
           7          10  0.11767898280456114     
           9          10   1.4740472470052457     
           6          11   1.2870184464169356     
          10          11   1.3457969879603391     
          11          12   1.1474011054723408     
          12          13   1.3447543748579716     
          13          14   1.4754930254415231     
          14          15   1.4021260788506431     
          13          16  0.11771871611587742     
          15          16   1.4704265587110830     
           5          17   1.1075449096278875     
          12          17   1.2889256313680593     
          16          17   1.3437797722342602     
           1          18   1.2841439196916542     
           4          18   1.5407232692637856     
           1          19  0.96513544060241696     
           2          20  0.96914671861904522     
           7          21  0.96891245067844589     
           8          22  0.97045456736628743     
           9          23  0.97067504918831893     
          10          24  0.97084081355285190     
          13          25  0.97089054891243276     
          14          26  0.97069692533226748     
          15          27  0.97036871483020437     
          16          28  0.96856179188820557     
          18          29  0.96484743261413031     
