           1           2  0.98901892246453527     
           2           3   1.4081566325635202     
           3           4   1.4391962288339810     
           2           5  0.10164245200137539     
           4           5   1.4374690135610486     
           3           6  0.11100694794388372     
           5           6   1.4372177549501608     
           2           7   1.4084697609445362     
           4           7  0.11081947140197507     
           6           7   1.4391748294459445     
           3           8  0.96885397360410552     
           4           9  0.96927936967912653     
           5          10  0.97058957111693045     
           6          11  0.96931385045622109     
           7          12  0.96881762782891789     
